1 40 120 160 160 0.68
2 80 80 160 160 0.6022222222222223
3 40 80 160 160 0.7072222222222222
7 40 40 160 160 0.636388888888889
7 80 40 160 160 0.6666666666666666
9 120 120 160 160 0.5619444444444444
10 0 120 160 160 0.548888888888889
10 40 240 160 160 0.5502777777777778
10 0 80 160 160 0.5080555555555555
11 80 40 160 160 0.7066666666666667
11 200 80 160 160 0.5338888888888889
12 40 240 160 160 0.8202777777777777
18 40 40 160 160 0.5166666666666667
18 80 40 160 160 0.5302777777777776
18 80 120 160 160 0.6663888888888888
18 120 40 160 160 0.5180555555555554
19 40 80 160 160 0.5077777777777777
19 40 120 160 160 0.5322222222222222
20 280 40 160 160 0.653611111111111
21 0 80 160 160 0.6608333333333334
21 0 40 160 160 0.5816666666666667
22 40 160 160 160 0.6627777777777777
22 40 120 160 160 0.585
23 40 80 160 160 0.6561111111111111
23 200 80 160 160 0.6069444444444444
24 40 120 160 160 0.7219444444444445
24 80 120 160 160 0.5527777777777777
24 0 80 160 160 0.5472222222222222
24 40 80 160 160 0.533888888888889
26 40 40 160 160 0.6422222222222222
26 160 80 160 160 0.6472222222222221
29 0 120 160 160 0.7630555555555554
29 40 120 160 160 0.6055555555555554
31 40 40 160 160 0.6552777777777777
31 40 120 160 160 0.6708333333333333
31 80 40 160 160 0.6825
31 120 40 160 160 0.6141666666666666
32 120 40 160 160 0.5883333333333333
32 120 80 160 160 0.5252777777777777
32 80 40 160 160 0.6919444444444445
33 40 120 160 160 0.5547222222222223
34 120 160 160 160 0.736111111111111
39 80 160 160 160 0.5663888888888888
39 160 80 160 160 0.5275
39 40 40 160 160 0.8316666666666667
39 80 40 160 160 0.6147222222222223
42 40 120 160 160 0.5783333333333334
43 40 120 160 160 0.5894444444444443
43 80 120 160 160 0.6652777777777777
43 40 80 160 160 0.5152777777777778
44 40 80 160 160 0.553611111111111
44 80 80 160 160 0.5391666666666668
44 0 40 160 160 0.6433333333333333
44 40 40 160 160 0.6558333333333334
46 40 200 160 160 0.5619444444444444
46 40 120 160 160 0.6277777777777777
47 40 80 160 160 0.6044444444444445
47 80 80 160 160 0.7861111111111111
47 120 80 160 160 0.5330555555555555
47 160 80 160 160 0.5341666666666666
47 40 40 160 160 0.7377777777777778
47 80 40 160 160 0.5197222222222222
47 120 40 160 160 0.5044444444444445
48 200 120 160 160 0.5402777777777777
48 240 80 160 160 0.5933333333333333
49 40 200 160 160 0.5522222222222222
50 40 80 160 160 0.5211111111111111
51 40 240 160 160 0.5105555555555555
53 40 80 160 160 0.5433333333333333
53 80 80 160 160 0.5527777777777778
53 120 80 160 160 0.6249999999999999
53 0 40 160 160 0.6038888888888889
53 40 40 160 160 0.6355555555555555
54 80 160 160 160 0.6016666666666667
55 80 160 160 160 0.6752777777777778
56 40 200 160 160 0.6341666666666669
57 0 80 160 160 0.5319444444444444
57 40 80 160 160 0.6380555555555555
57 0 40 160 160 0.5083333333333333
59 0 40 160 160 0.5244444444444444
61 40 40 160 160 0.5597222222222222
61 40 40 160 160 0.5061111111111112
63 0 40 160 160 0.768611111111111
63 0 200 160 160 0.6099999999999999
63 40 40 160 160 0.7427777777777778
63 40 200 160 160 0.8788888888888887
63 80 40 160 160 0.513888888888889
63 240 40 160 160 0.7097222222222221
63 240 200 160 160 0.6211111111111113
63 280 40 160 160 0.6594444444444444
65 40 40 160 160 0.5030555555555556
65 80 120 160 160 0.5341666666666667
65 40 40 160 160 0.6313888888888888
66 40 80 160 160 0.6944444444444445
67 40 40 160 160 0.6158333333333333
67 40 240 160 160 0.6202777777777778
67 80 40 160 160 0.5552777777777778
67 80 280 160 160 0.5008333333333334
67 120 40 160 160 0.6452777777777778
67 160 80 160 160 0.5197222222222223
67 40 40 160 160 0.5405555555555556
67 80 40 160 160 0.5005555555555555
71 80 0 160 160 0.5016666666666666
72 40 120 160 160 0.7261111111111112
72 80 120 160 160 0.7180555555555557
72 120 120 160 160 0.5155555555555557
73 0 120 160 160 0.5411111111111111
73 40 120 160 160 0.6983333333333334
73 0 80 160 160 0.59
75 40 200 160 160 0.5408333333333334
75 80 200 160 160 0.5511111111111111
76 40 120 160 160 0.6524999999999999
76 80 120 160 160 0.5541666666666667
77 40 240 160 160 0.5044444444444444
77 80 160 160 160 0.6791666666666668
78 40 120 160 160 0.7019444444444445
80 40 240 160 160 0.5083333333333333
80 80 240 160 160 0.7172222222222222
81 40 80 160 160 0.5352777777777779
81 80 40 160 160 0.5180555555555555
81 200 160 160 160 0.51
81 240 160 160 160 0.5372222222222222
81 40 40 160 160 0.5183333333333333
82 200 80 160 160 0.538611111111111
85 120 80 160 160 0.5433333333333332
85 160 80 160 160 0.5016666666666667
86 0 80 160 160 0.518611111111111
86 40 80 160 160 0.5797222222222221
87 0 40 160 160 0.7491666666666666
89 120 80 160 160 0.508611111111111
89 160 80 160 160 0.5513888888888888
90 40 80 160 160 0.6311111111111112
90 80 80 160 160 0.8747222222222221
90 120 80 160 160 0.5858333333333333
90 160 80 160 160 0.5969444444444444
90 40 40 160 160 0.6986111111111112
91 0 120 160 160 0.5044444444444445
91 40 120 160 160 0.6283333333333332
92 80 120 160 160 0.7416666666666668
93 40 120 160 160 0.7952777777777778
94 40 240 160 160 0.5288888888888889
97 0 120 160 160 0.5661111111111111
97 40 120 160 160 0.5833333333333334
97 80 120 160 160 0.5180555555555556
97 0 80 160 160 0.7827777777777778
97 40 80 160 160 0.5241666666666666
98 40 120 160 160 0.6311111111111111
100 200 240 160 160 0.7830555555555555
101 40 40 160 160 0.6377777777777777
101 40 0 160 160 0.5158333333333334
101 40 40 160 160 0.5058333333333334
102 0 160 160 160 0.555
103 80 0 160 160 0.7166666666666668
103 40 0 160 160 0.5233333333333334
105 0 80 160 160 0.5197222222222222
105 40 80 160 160 0.6225
105 40 120 160 160 0.5569444444444445
105 80 80 160 160 0.5141666666666667
105 0 40 160 160 0.5672222222222223
106 40 80 160 160 0.7350000000000001
106 0 40 160 160 0.5213888888888889
107 40 40 160 160 0.6561111111111112
107 80 40 160 160 0.6372222222222222
107 120 40 160 160 0.5625
108 40 80 160 160 0.6075
109 0 80 160 160 0.5816666666666668
109 40 80 160 160 0.6205555555555555
110 0 40 160 160 0.5122222222222222
111 40 40 160 160 0.724722222222222
111 80 40 160 160 0.5513888888888888
111 120 280 160 160 0.5769444444444444
111 40 40 160 160 0.7202777777777778
112 0 40 160 160 0.5172222222222222
112 40 40 160 160 0.5347222222222223
112 0 40 160 160 0.6644444444444445
112 40 40 160 160 0.5480555555555556
113 0 120 160 160 0.5772222222222222
113 40 120 160 160 0.6527777777777778
114 80 80 160 160 0.6483333333333333
117 40 40 160 160 0.5283333333333333
117 80 40 160 160 0.5566666666666666
117 40 40 160 160 0.5602777777777778
121 40 120 160 160 0.5944444444444443
123 120 200 160 160 0.6852777777777778
124 40 120 160 160 0.566111111111111
124 200 0 160 160 0.5591666666666668
124 200 40 160 160 0.6399999999999999
124 200 80 160 160 0.6283333333333334
124 200 120 160 160 0.638611111111111
124 200 160 160 160 0.7527777777777779
124 240 0 160 160 0.5819444444444444
124 240 40 160 160 0.7380555555555556
124 240 80 160 160 0.7641666666666667
124 240 120 160 160 0.748611111111111
124 240 160 160 160 0.8011111111111111
124 280 80 160 160 0.5177777777777779
124 280 120 160 160 0.643611111111111
124 280 160 160 160 0.6716666666666666
124 80 0 160 160 0.5963888888888889
124 80 40 160 160 0.5441666666666667
124 120 0 160 160 0.5574999999999999
124 120 40 160 160 0.6716666666666665
126 80 80 160 160 0.6866666666666666
126 160 80 160 160 0.5299999999999999
126 40 40 160 160 0.7241666666666666
127 40 200 160 160 0.5100000000000001
127 80 200 160 160 0.5133333333333333
128 40 40 160 160 0.5855555555555555
129 0 280 160 160 0.6391666666666667
129 0 40 160 160 0.743611111111111
130 40 280 160 160 0.7119444444444445
130 80 280 160 160 0.6175
133 40 120 160 160 0.6436111111111111
133 40 240 160 160 0.5241666666666666
134 40 40 160 160 0.6391666666666665
134 40 80 160 160 0.7327777777777779
134 80 80 160 160 0.615
134 120 80 160 160 0.6036111111111111
134 160 80 160 160 0.5558333333333333
134 200 120 160 160 0.5205555555555555
134 40 40 160 160 0.7480555555555555
134 80 40 160 160 0.5405555555555556
135 40 80 160 160 0.6783333333333335
135 80 80 160 160 0.5469444444444445
135 40 40 160 160 0.6875
135 80 40 160 160 0.5222222222222221
140 0 120 160 160 0.6408333333333334
140 0 80 160 160 0.5991666666666666
141 40 160 160 160 0.5836111111111111
141 80 160 160 160 0.5041666666666668
141 120 40 160 160 0.5874999999999999
142 40 80 160 160 0.5563888888888889
143 80 40 160 160 0.5916666666666666
143 120 40 160 160 0.7019444444444445
143 120 120 160 160 0.5083333333333332
143 160 40 160 160 0.5705555555555555
143 280 80 160 160 0.601388888888889
143 0 0 160 160 0.5266666666666666
143 40 0 160 160 0.56
144 0 80 160 160 0.61
146 40 200 160 160 0.7533333333333333
149 40 280 160 160 0.735
150 120 80 160 160 0.5297222222222222
150 80 40 160 160 0.5736111111111112
151 40 80 160 160 0.5102777777777777
151 0 40 160 160 0.548611111111111
151 40 40 160 160 0.6672222222222223
151 80 40 160 160 0.5344444444444444
157 120 40 160 160 0.5916666666666668
157 160 40 160 160 0.6266666666666667
157 200 80 160 160 0.5391666666666666
157 80 0 160 160 0.5019444444444445
157 80 40 160 160 0.5763888888888888
157 120 40 160 160 0.6925
158 40 80 160 160 0.5969444444444445
160 40 40 160 160 0.508611111111111
162 40 160 160 160 0.6436111111111111
162 120 160 160 160 0.5516666666666666
163 0 200 160 160 0.7552777777777777
163 40 200 160 160 0.6233333333333333
163 0 120 160 160 0.6797222222222223
164 0 160 160 160 0.6977777777777777
165 160 80 160 160 0.6199999999999999
166 40 120 160 160 0.5813888888888888
167 40 40 160 160 0.6294444444444445
167 80 40 160 160 0.5788888888888889
168 0 200 160 160 0.6530555555555556
168 40 200 160 160 0.6302777777777777
172 40 40 160 160 0.6583333333333333
172 40 80 160 160 0.5988888888888888
172 80 80 160 160 0.5169444444444444
172 0 40 160 160 0.7544444444444444
172 40 40 160 160 0.7580555555555555
174 80 40 160 160 0.5958333333333332
174 120 120 160 160 0.5191666666666667
174 160 40 160 160 0.523611111111111
176 0 80 160 160 0.5072222222222222
176 40 80 160 160 0.658888888888889
176 80 80 160 160 0.7099999999999999
176 0 40 160 160 0.6691666666666667
176 40 40 160 160 0.6355555555555557
177 40 40 160 160 0.5830555555555555
178 40 160 160 160 0.6725
179 40 80 160 160 0.6461111111111112
179 80 80 160 160 0.5030555555555555
182 40 40 160 160 0.6583333333333332
182 40 120 160 160 0.6077777777777779
182 80 120 160 160 0.5383333333333333
182 120 40 160 160 0.6469444444444444
182 120 120 160 160 0.5166666666666667
182 160 40 160 160 0.6027777777777777
182 240 80 160 160 0.5238888888888888
185 280 160 160 160 0.5361111111111111
186 200 120 160 160 0.52
187 160 80 160 160 0.5563888888888888
187 200 80 160 160 0.5375
187 280 120 160 160 0.5297222222222222
187 80 40 160 160 0.6297222222222223
189 40 80 160 160 0.6019444444444445
190 40 80 160 160 0.7591666666666667
191 40 80 160 160 0.5883333333333334
191 0 40 160 160 0.6066666666666667
193 0 40 160 160 0.6005555555555556
193 40 40 160 160 0.5652777777777778
193 40 280 160 160 0.635
193 0 40 160 160 0.5252777777777778
194 40 160 160 160 0.6100000000000001
196 0 120 160 160 0.5580555555555555
196 120 40 160 160 0.5580555555555556
198 0 200 160 160 0.7322222222222223
198 40 200 160 160 0.773611111111111
200 40 40 160 160 0.5772222222222222
202 200 120 160 160 0.5436111111111112
203 40 160 160 160 0.7097222222222223
203 80 160 160 160 0.51
203 120 160 160 160 0.5241666666666667
205 40 160 160 160 0.8863888888888888
205 80 160 160 160 0.5538888888888889
206 40 80 160 160 0.5219444444444444
206 40 120 160 160 0.5330555555555557
206 120 120 160 160 0.6461111111111111
206 160 120 160 160 0.5680555555555555
207 80 80 160 160 0.5044444444444446
207 120 80 160 160 0.5258333333333334
208 200 80 160 160 0.55
208 240 80 160 160 0.5238888888888888
208 120 40 160 160 0.5497222222222223
209 40 80 160 160 0.6583333333333332
209 40 120 160 160 0.5525000000000001
210 0 80 160 160 0.6677777777777777
210 40 80 160 160 0.5950000000000001
210 120 80 160 160 0.5294444444444444
210 0 40 160 160 0.7008333333333334
210 40 40 160 160 0.6072222222222222
210 80 40 160 160 0.55
211 40 280 160 160 0.6425
211 80 80 160 160 0.5108333333333334
212 160 40 160 160 0.5091666666666667
212 280 160 160 160 0.5269444444444444
213 40 120 160 160 0.6302777777777777
214 80 80 160 160 0.5952777777777777
214 120 80 160 160 0.5525
214 240 80 160 160 0.5163888888888889
214 0 40 160 160 0.5194444444444444
214 40 40 160 160 0.6111111111111112
214 80 40 160 160 0.6305555555555555
214 120 40 160 160 0.5158333333333334
215 40 40 160 160 0.5058333333333334
215 40 80 160 160 0.6508333333333333
215 120 80 160 160 0.5052777777777777
215 160 80 160 160 0.543611111111111
215 0 40 160 160 0.8058333333333333
215 40 40 160 160 0.5783333333333334
216 40 160 160 160 0.5480555555555555
216 80 160 160 160 0.7263888888888889
217 40 120 160 160 0.8583333333333333
217 80 120 160 160 0.5902777777777778
220 40 120 160 160 0.601111111111111
220 200 40 160 160 0.581388888888889
221 40 80 160 160 0.5080555555555555
221 80 80 160 160 0.6836111111111111
222 40 40 160 160 0.5319444444444443
224 40 40 160 160 0.5875
224 120 40 160 160 0.5311111111111111
224 160 40 160 160 0.5080555555555556
225 40 120 160 160 0.7841666666666666
226 40 40 160 160 0.5244444444444445
226 80 40 160 160 0.5727777777777777
226 120 40 160 160 0.6786111111111112
226 160 40 160 160 0.5980555555555557
226 120 40 160 160 0.5183333333333333
227 80 40 160 160 0.5916666666666668
227 120 40 160 160 0.5522222222222223
227 40 40 160 160 0.5730555555555555
228 0 40 160 160 0.5391666666666666
229 40 40 160 160 0.7288888888888888
229 80 40 160 160 0.7036111111111112
230 40 40 160 160 0.5808333333333333
230 0 40 160 160 0.5919444444444444
231 40 80 160 160 0.6327777777777777
232 0 120 160 160 0.5566666666666666
233 40 40 160 160 0.6830555555555555
233 0 40 160 160 0.5033333333333333
233 40 40 160 160 0.6052777777777778
234 0 0 160 160 0.5091666666666667
234 40 120 160 160 0.6133333333333333
235 160 280 160 160 0.5175
236 40 80 160 160 0.623611111111111
236 80 80 160 160 0.7197222222222222
236 40 40 160 160 0.6386111111111111
238 120 40 160 160 0.5083333333333332
238 120 80 160 160 0.5977777777777777
238 160 80 160 160 0.5875
239 0 280 160 160 0.5405555555555556
240 0 80 160 160 0.6441666666666667
240 40 120 160 160 0.6652777777777777
240 80 120 160 160 0.5008333333333334
240 0 40 160 160 0.7616666666666667
247 80 200 160 160 0.5283333333333333
249 0 200 160 160 0.5280555555555556
250 40 280 160 160 0.5605555555555555
253 0 240 160 160 0.5630555555555556
253 40 200 160 160 0.6413888888888888
253 40 240 160 160 0.6966666666666665
256 120 80 160 160 0.6316666666666667
256 120 120 160 160 0.6152777777777778
256 160 80 160 160 0.5644444444444445
257 40 120 160 160 0.8541666666666666
257 0 40 160 160 0.5297222222222222
260 40 80 160 160 0.6580555555555555
260 80 40 160 160 0.5975000000000001
260 80 80 160 160 0.6811111111111111
260 120 80 160 160 0.5052777777777777
260 160 80 160 160 0.606111111111111
260 200 80 160 160 0.5580555555555556
260 40 40 160 160 0.8133333333333334
261 40 160 160 160 0.7711111111111111
262 120 40 160 160 0.7347222222222222
262 160 40 160 160 0.6655555555555555
263 40 40 160 160 0.5936111111111111
263 80 80 160 160 0.5202777777777778
263 120 80 160 160 0.628611111111111
263 160 80 160 160 0.6163888888888889
263 0 40 160 160 0.6
263 40 40 160 160 0.7516666666666667
264 0 240 160 160 0.6816666666666666
265 80 120 160 160 0.6108333333333333
266 40 80 160 160 0.7488888888888887
267 80 80 160 160 0.6819444444444444
267 160 80 160 160 0.5577777777777777
267 40 40 160 160 0.9041666666666667
267 80 40 160 160 0.5777777777777778
268 40 40 160 160 0.5780555555555555
268 120 40 160 160 0.6977777777777777
269 0 80 160 160 0.5613888888888888
269 40 80 160 160 0.5758333333333333
270 40 40 160 160 0.6713888888888889
270 40 240 160 160 0.5394444444444443
270 40 280 160 160 0.5802777777777778
270 80 40 160 160 0.5816666666666667
270 80 280 160 160 0.5327777777777777
270 40 40 160 160 0.7769444444444445
271 40 120 160 160 0.8494444444444443
271 80 120 160 160 0.5097222222222222
272 40 120 160 160 0.7250000000000001
273 40 160 160 160 0.671111111111111
275 0 80 160 160 0.7469444444444445
276 0 120 160 160 0.5644444444444444
278 80 80 160 160 0.5036111111111112
278 80 120 160 160 0.5077777777777777
280 40 200 160 160 0.7916666666666667
281 40 40 160 160 0.5383333333333333
282 0 120 160 160 0.591111111111111
283 40 120 160 160 0.5888888888888889
284 40 120 160 160 0.5227777777777777
285 0 160 160 160 0.5266666666666666
285 40 160 160 160 0.5780555555555555
286 40 200 160 160 0.6327777777777777
286 80 80 160 160 0.6405555555555555
286 0 120 160 160 0.5583333333333333
288 0 80 160 160 0.7561111111111112
289 40 160 160 160 0.6622222222222223
290 40 120 160 160 0.6102777777777778
290 80 120 160 160 0.5872222222222221
290 0 80 160 160 0.6008333333333332
293 40 80 160 160 0.5777777777777778
293 120 80 160 160 0.6375
293 40 40 160 160 0.5697222222222222
294 40 120 160 160 0.6016666666666667
295 0 40 160 160 0.6325
295 40 40 160 160 0.741388888888889
295 80 40 160 160 0.5780555555555555
295 240 40 160 160 0.813611111111111
295 280 40 160 160 0.5630555555555554
297 80 80 160 160 0.5072222222222222
297 120 120 160 160 0.5269444444444444
298 40 280 160 160 0.5886111111111111
298 80 40 160 160 0.8133333333333334
298 80 280 160 160 0.6358333333333333
298 120 40 160 160 0.56
299 0 80 160 160 0.5936111111111111
299 40 80 160 160 0.7294444444444445
299 80 80 160 160 0.5708333333333333
299 0 40 160 160 0.5041666666666667
300 40 120 160 160 0.573888888888889
300 80 120 160 160 0.7344444444444443
300 120 120 160 160 0.5641666666666667
301 80 120 160 160 0.5077777777777777
301 200 160 160 160 0.5975000000000001
301 40 80 160 160 0.7483333333333332
302 200 120 160 160 0.6222222222222222
302 200 160 160 160 0.5275000000000001
303 0 80 160 160 0.5977777777777777
303 40 80 160 160 0.5147222222222223
304 40 80 160 160 0.5866666666666667
304 0 40 160 160 0.5713888888888888
308 0 160 160 160 0.5216666666666666
309 0 40 160 160 0.5108333333333334
309 120 80 160 160 0.6019444444444444
309 0 0 160 160 0.6411111111111112
309 40 0 160 160 0.5458333333333333
313 0 120 160 160 0.5861111111111111
315 40 80 160 160 0.5597222222222222
315 120 80 160 160 0.5441666666666667
315 0 40 160 160 0.5969444444444444
316 40 80 160 160 0.6283333333333333
317 0 120 160 160 0.533611111111111
320 200 80 160 160 0.5025
321 40 120 160 160 0.5558333333333333
322 40 40 160 160 0.8494444444444444
322 80 40 160 160 0.831111111111111
322 120 40 160 160 0.6819444444444445
322 160 40 160 160 0.5674999999999999
322 280 120 160 160 0.5388888888888889
322 40 0 160 160 0.5872222222222223
322 80 40 160 160 0.6130555555555555
322 120 40 160 160 0.5111111111111112
323 40 40 160 160 0.5288888888888889
325 40 80 160 160 0.5408333333333334
326 40 80 160 160 0.7244444444444443
326 80 80 160 160 0.6533333333333333
326 120 80 160 160 0.5177777777777777
326 0 40 160 160 0.6488888888888888
326 40 40 160 160 0.7480555555555556
327 0 160 160 160 0.6569444444444444
327 40 160 160 160 0.5674999999999999
327 80 80 160 160 0.5258333333333334
329 80 0 160 160 0.5925
330 40 120 160 160 0.5277777777777777
330 40 160 160 160 0.5283333333333332
330 0 80 160 160 0.5986111111111111
331 0 40 160 160 0.7861111111111111
331 40 200 160 160 0.7130555555555556
332 0 80 160 160 0.5847222222222221
332 40 80 160 160 0.7297222222222222
334 40 200 160 160 0.613611111111111
335 120 120 160 160 0.6241666666666666
335 80 80 160 160 0.6183333333333333
336 40 0 160 160 0.5202777777777777
336 40 40 160 160 0.5927777777777776
336 80 0 160 160 0.5697222222222222
336 80 40 160 160 0.5216666666666666
336 40 0 160 160 0.645
338 40 160 160 160 0.5544444444444445
339 80 280 160 160 0.5561111111111111
339 40 40 160 160 0.5430555555555556
340 80 40 160 160 0.5055555555555555
341 120 80 160 160 0.5552777777777778
341 160 80 160 160 0.5769444444444444
341 80 40 160 160 0.5202777777777778
343 200 80 160 160 0.5552777777777778
343 40 40 160 160 0.5797222222222221
343 80 40 160 160 0.6272222222222222
344 40 200 160 160 0.5477777777777777
344 0 120 160 160 0.5011111111111111
346 0 160 160 160 0.5808333333333334
346 40 160 160 160 0.8483333333333334
347 40 0 160 160 0.5427777777777777
348 120 120 160 160 0.7247222222222223
348 160 120 160 160 0.6169444444444445
349 40 40 160 160 0.5566666666666666
349 40 80 160 160 0.7222222222222221
349 80 80 160 160 0.6783333333333332
349 120 80 160 160 0.5125
350 40 80 160 160 0.5505555555555556
350 160 120 160 160 0.5461111111111111
352 40 160 160 160 0.5655555555555556
353 80 120 160 160 0.5975
354 80 40 160 160 0.5316666666666666
354 80 80 160 160 0.5044444444444444
354 0 40 160 160 0.5527777777777777
354 40 40 160 160 0.8336111111111111
354 80 40 160 160 0.5905555555555557
355 40 80 160 160 0.6119444444444445
358 0 160 160 160 0.581111111111111
358 0 200 160 160 0.5069444444444444
358 40 160 160 160 0.7552777777777777
358 160 200 160 160 0.5291666666666666
360 40 40 160 160 0.5413888888888888
361 40 40 160 160 0.8008333333333333
362 0 80 160 160 0.5016666666666667
362 40 80 160 160 0.5075
364 40 40 160 160 0.7669444444444445
364 80 40 160 160 0.6813888888888888
364 120 40 160 160 0.7044444444444444
364 40 40 160 160 0.6522222222222223
364 80 40 160 160 0.6630555555555555
364 120 40 160 160 0.5552777777777778
365 160 80 160 160 0.5727777777777778
366 0 120 160 160 0.5238888888888888
367 80 80 160 160 0.6675000000000001
367 120 80 160 160 0.5650000000000001
368 120 40 160 160 0.6494444444444445
368 120 240 160 160 0.5261111111111112
369 40 160 160 160 0.5786111111111112
369 80 120 160 160 0.5841666666666666
369 80 200 160 160 0.5633333333333334
369 40 80 160 160 0.6866666666666668
370 40 120 160 160 0.5125
370 80 40 160 160 0.5302777777777777
371 0 80 160 160 0.6633333333333333
372 40 120 160 160 0.7280555555555556
373 80 120 160 160 0.7936111111111112
375 40 80 160 160 0.5258333333333332
375 200 0 160 160 0.5183333333333332
375 240 0 160 160 0.5127777777777777
376 0 120 160 160 0.5263888888888889
376 40 120 160 160 0.6644444444444445
377 80 80 160 160 0.7388888888888888
377 120 80 160 160 0.5544444444444445
378 40 160 160 160 0.7330555555555556
378 80 160 160 160 0.5513888888888888
378 120 160 160 160 0.5380555555555556
379 40 80 160 160 0.6933333333333334
379 160 120 160 160 0.5555555555555556
379 0 40 160 160 0.6236111111111111
380 280 120 160 160 0.528611111111111
380 40 40 160 160 0.5633333333333334
383 40 80 160 160 0.678611111111111
384 40 120 160 160 0.5311111111111111
384 80 120 160 160 0.7369444444444443
384 120 120 160 160 0.7266666666666667
384 160 120 160 160 0.5449999999999999
384 280 0 160 160 0.506388888888889
385 40 40 160 160 0.6308333333333332
385 80 80 160 160 0.5777777777777777
385 120 80 160 160 0.5263888888888889
387 40 120 160 160 0.7469444444444444
388 40 0 160 160 0.5127777777777778
390 40 40 160 160 0.6469444444444444
395 40 160 160 160 0.5719444444444445
396 40 160 160 160 0.5319444444444444
397 40 200 160 160 0.6747222222222223
397 80 0 160 160 0.556111111111111
398 0 80 160 160 0.5786111111111112
399 0 80 160 160 0.7730555555555556
399 40 80 160 160 0.6336111111111112
399 0 40 160 160 0.5961111111111111
400 0 120 160 160 0.5047222222222223
400 0 160 160 160 0.7666666666666667
402 0 40 160 160 0.5944444444444443
402 40 80 160 160 0.518611111111111
402 40 120 160 160 0.5844444444444444
405 0 80 160 160 0.5058333333333335
406 40 40 160 160 0.6097222222222223
406 80 40 160 160 0.643611111111111
406 120 40 160 160 0.7644444444444445
406 160 40 160 160 0.5402777777777779
406 80 40 160 160 0.5919444444444445
406 120 40 160 160 0.5944444444444443
407 40 200 160 160 0.7008333333333333
407 200 160 160 160 0.5194444444444445
407 280 160 160 160 0.5858333333333334
408 40 40 160 160 0.7069444444444445
408 40 80 160 160 0.565
408 80 80 160 160 0.5752777777777777
408 160 80 160 160 0.5275
408 0 40 160 160 0.6008333333333331
408 40 40 160 160 0.8177777777777778
409 40 40 160 160 0.5455555555555556
409 80 40 160 160 0.7416666666666666
409 200 80 160 160 0.5519444444444445
410 80 240 160 160 0.5205555555555555
410 0 40 160 160 0.5880555555555556
412 80 0 160 160 0.5305555555555557
416 0 160 160 160 0.5044444444444445
416 40 160 160 160 0.5138888888888888
416 80 160 160 160 0.5266666666666666
416 120 160 160 160 0.6269444444444444
417 0 80 160 160 0.5361111111111111
417 80 240 160 160 0.5258333333333334
417 120 240 160 160 0.5158333333333335
418 40 120 160 160 0.5244444444444444
419 200 280 160 160 0.5533333333333332
420 40 120 160 160 0.6491666666666667
420 200 120 160 160 0.6647222222222223
422 0 40 160 160 0.7897222222222222
422 0 200 160 160 0.7169444444444444
422 40 40 160 160 0.6547222222222222
422 40 200 160 160 0.6886111111111111
422 240 40 160 160 0.5155555555555554
422 240 200 160 160 0.7369444444444444
423 80 120 160 160 0.69
424 0 200 160 160 0.5797222222222222
424 80 280 160 160 0.5497222222222222
425 160 80 160 160 0.7122222222222222
425 200 80 160 160 0.5552777777777778
429 0 280 160 160 0.6572222222222222
429 40 40 160 160 0.6352777777777777
429 40 80 160 160 0.6366666666666667
431 40 200 160 160 0.7977777777777777
431 80 200 160 160 0.7191666666666666
433 80 120 160 160 0.5155555555555555
433 40 80 160 160 0.55
436 80 40 160 160 0.7461111111111112
437 40 200 160 160 0.6044444444444445
440 80 80 160 160 0.6519444444444444
440 40 40 160 160 0.6286111111111111
441 40 40 160 160 0.6488888888888888
442 40 80 160 160 0.7649999999999999
443 40 160 160 160 0.7908333333333333
443 200 120 160 160 0.5302777777777777
444 0 120 160 160 0.6766666666666665
444 40 120 160 160 0.7955555555555556
445 120 40 160 160 0.6894444444444445
445 160 40 160 160 0.5336111111111111
445 200 80 160 160 0.5330555555555556
446 120 80 160 160 0.5975
447 40 80 160 160 0.6663888888888888
447 40 40 160 160 0.5458333333333333
449 40 80 160 160 0.7216666666666666
449 0 0 160 160 0.5080555555555556
453 0 120 160 160 0.6494444444444444
454 240 80 160 160 0.5025
454 80 40 160 160 0.7341666666666666
454 120 40 160 160 0.553888888888889
455 40 80 160 160 0.6852777777777778
455 40 120 160 160 0.6358333333333333
457 0 120 160 160 0.5694444444444444
458 80 240 160 160 0.5497222222222223
461 0 80 160 160 0.5944444444444444
464 0 240 160 160 0.5027777777777778
465 40 120 160 160 0.5677777777777777
465 80 120 160 160 0.5580555555555556
465 120 120 160 160 0.6927777777777776
466 40 160 160 160 0.5894444444444444
466 80 160 160 160 0.5166666666666667
472 0 80 160 160 0.6258333333333334
478 0 80 160 160 0.5255555555555557
478 40 80 160 160 0.5299999999999999
481 40 160 160 160 0.6088888888888888
483 0 80 160 160 0.5627777777777777
483 40 0 160 160 0.5102777777777777
483 40 40 160 160 0.5133333333333334
483 40 80 160 160 0.6772222222222222
483 160 160 160 160 0.5663888888888889
483 0 40 160 160 0.6966666666666667
483 0 80 160 160 0.5188888888888887
484 40 40 160 160 0.5169444444444444
487 280 160 160 160 0.673611111111111
488 0 40 160 160 0.5430555555555555
488 0 0 160 160 0.5588888888888889
489 80 40 160 160 0.6002777777777778
489 120 80 160 160 0.5727777777777778
494 40 80 160 160 0.5375000000000001
494 280 0 160 160 0.6330555555555555
495 0 80 160 160 0.6597222222222222
495 40 80 160 160 0.6827777777777777
495 0 40 160 160 0.7283333333333334
496 0 40 160 160 0.5983333333333333
496 80 40 160 160 0.5205555555555554
496 40 40 160 160 0.5286111111111111
499 40 80 160 160 0.7488888888888887
1 40 120 160 160 0.68
2 80 80 160 160 0.6
3 40 80 160 160 0.71
7 40 40 160 160 0.64
7 80 40 160 160 0.67
9 120 120 160 160 0.56
10 0 120 160 160 0.55
10 40 240 160 160 0.55
10 0 80 160 160 0.51
11 80 40 160 160 0.71
11 200 80 160 160 0.53
12 40 240 160 160 0.82
18 40 40 160 160 0.52
18 80 40 160 160 0.53
18 80 120 160 160 0.67
18 120 40 160 160 0.52
19 40 80 160 160 0.51
19 40 120 160 160 0.53
20 280 40 160 160 0.65
21 0 80 160 160 0.66
21 0 40 160 160 0.58
22 40 160 160 160 0.66
22 40 120 160 160 0.58
23 40 80 160 160 0.66
23 200 80 160 160 0.61
24 40 120 160 160 0.72
24 80 120 160 160 0.55
24 0 80 160 160 0.55
24 40 80 160 160 0.53
26 40 40 160 160 0.64
26 160 80 160 160 0.65
29 0 120 160 160 0.76
29 40 120 160 160 0.61
31 40 40 160 160 0.66
31 40 120 160 160 0.67
31 80 40 160 160 0.68
31 120 40 160 160 0.61
32 120 40 160 160 0.59
32 120 80 160 160 0.53
32 80 40 160 160 0.69
33 40 120 160 160 0.55
34 120 160 160 160 0.74
39 80 160 160 160 0.57
39 160 80 160 160 0.53
39 40 40 160 160 0.83
39 80 40 160 160 0.61
42 40 120 160 160 0.58
43 40 120 160 160 0.59
43 80 120 160 160 0.67
43 40 80 160 160 0.52
44 40 80 160 160 0.55
44 80 80 160 160 0.54
44 0 40 160 160 0.64
44 40 40 160 160 0.66
46 40 200 160 160 0.56
46 40 120 160 160 0.63
47 40 80 160 160 0.6
47 80 80 160 160 0.79
47 120 80 160 160 0.53
47 160 80 160 160 0.53
47 40 40 160 160 0.74
47 80 40 160 160 0.52
47 120 40 160 160 0.5
48 200 120 160 160 0.54
48 240 80 160 160 0.59
49 40 200 160 160 0.55
50 40 80 160 160 0.52
51 40 240 160 160 0.51
53 40 80 160 160 0.54
53 80 80 160 160 0.55
53 120 80 160 160 0.62
53 0 40 160 160 0.6
53 40 40 160 160 0.64
54 80 160 160 160 0.6
55 80 160 160 160 0.68
56 40 200 160 160 0.63
57 0 80 160 160 0.53
57 40 80 160 160 0.64
57 0 40 160 160 0.51
59 0 40 160 160 0.52
61 40 40 160 160 0.56
61 40 40 160 160 0.51
63 0 40 160 160 0.77
63 0 200 160 160 0.61
63 40 40 160 160 0.74
63 40 200 160 160 0.88
63 80 40 160 160 0.51
63 240 40 160 160 0.71
63 240 200 160 160 0.62
63 280 40 160 160 0.66
65 40 40 160 160 0.5
65 80 120 160 160 0.53
65 40 40 160 160 0.63
66 40 80 160 160 0.69
67 40 40 160 160 0.62
67 40 240 160 160 0.62
67 80 40 160 160 0.56
67 80 280 160 160 0.5
67 120 40 160 160 0.65
67 160 80 160 160 0.52
67 40 40 160 160 0.54
67 80 40 160 160 0.5
71 80 0 160 160 0.5
72 40 120 160 160 0.73
72 80 120 160 160 0.72
72 120 120 160 160 0.52
73 0 120 160 160 0.54
73 40 120 160 160 0.7
73 0 80 160 160 0.59
75 40 200 160 160 0.54
75 80 200 160 160 0.55
76 40 120 160 160 0.65
76 80 120 160 160 0.55
77 40 240 160 160 0.5
77 80 160 160 160 0.68
78 40 120 160 160 0.7
80 40 240 160 160 0.51
80 80 240 160 160 0.72
81 40 80 160 160 0.54
81 80 40 160 160 0.52
81 200 160 160 160 0.51
81 240 160 160 160 0.54
81 40 40 160 160 0.52
82 200 80 160 160 0.54
85 120 80 160 160 0.54
85 160 80 160 160 0.5
86 0 80 160 160 0.52
86 40 80 160 160 0.58
87 0 40 160 160 0.75
89 120 80 160 160 0.51
89 160 80 160 160 0.55
90 40 80 160 160 0.63
90 80 80 160 160 0.87
90 120 80 160 160 0.59
90 160 80 160 160 0.6
90 40 40 160 160 0.7
91 0 120 160 160 0.5
91 40 120 160 160 0.63
92 80 120 160 160 0.74
93 40 120 160 160 0.8
94 40 240 160 160 0.53
97 0 120 160 160 0.57
97 40 120 160 160 0.58
97 80 120 160 160 0.52
97 0 80 160 160 0.78
97 40 80 160 160 0.52
98 40 120 160 160 0.63
100 200 240 160 160 0.78
101 40 40 160 160 0.64
101 40 0 160 160 0.52
101 40 40 160 160 0.51
102 0 160 160 160 0.56
103 80 0 160 160 0.72
103 40 0 160 160 0.52
105 0 80 160 160 0.52
105 40 80 160 160 0.62
105 40 120 160 160 0.56
105 80 80 160 160 0.51
105 0 40 160 160 0.57
106 40 80 160 160 0.74
106 0 40 160 160 0.52
107 40 40 160 160 0.66
107 80 40 160 160 0.64
107 120 40 160 160 0.56
108 40 80 160 160 0.61
109 0 80 160 160 0.58
109 40 80 160 160 0.62
110 0 40 160 160 0.51
111 40 40 160 160 0.72
111 80 40 160 160 0.55
111 120 280 160 160 0.58
111 40 40 160 160 0.72
112 0 40 160 160 0.52
112 40 40 160 160 0.53
112 0 40 160 160 0.66
112 40 40 160 160 0.55
113 0 120 160 160 0.58
113 40 120 160 160 0.65
114 80 80 160 160 0.65
117 40 40 160 160 0.53
117 80 40 160 160 0.56
117 40 40 160 160 0.56
121 40 120 160 160 0.59
123 120 200 160 160 0.69
124 40 120 160 160 0.57
124 200 0 160 160 0.56
124 200 40 160 160 0.64
124 200 80 160 160 0.63
124 200 120 160 160 0.64
124 200 160 160 160 0.75
124 240 0 160 160 0.58
124 240 40 160 160 0.74
124 240 80 160 160 0.76
124 240 120 160 160 0.75
124 240 160 160 160 0.8
124 280 80 160 160 0.52
124 280 120 160 160 0.64
124 280 160 160 160 0.67
124 80 0 160 160 0.6
124 80 40 160 160 0.54
124 120 0 160 160 0.56
124 120 40 160 160 0.67
126 80 80 160 160 0.69
126 160 80 160 160 0.53
126 40 40 160 160 0.72
127 40 200 160 160 0.51
127 80 200 160 160 0.51
128 40 40 160 160 0.59
129 0 280 160 160 0.64
129 0 40 160 160 0.74
130 40 280 160 160 0.71
130 80 280 160 160 0.62
133 40 120 160 160 0.64
133 40 240 160 160 0.52
134 40 40 160 160 0.64
134 40 80 160 160 0.73
134 80 80 160 160 0.62
134 120 80 160 160 0.6
134 160 80 160 160 0.56
134 200 120 160 160 0.52
134 40 40 160 160 0.75
134 80 40 160 160 0.54
135 40 80 160 160 0.68
135 80 80 160 160 0.55
135 40 40 160 160 0.69
135 80 40 160 160 0.52
140 0 120 160 160 0.64
140 0 80 160 160 0.6
141 40 160 160 160 0.58
141 80 160 160 160 0.5
141 120 40 160 160 0.59
142 40 80 160 160 0.56
143 80 40 160 160 0.59
143 120 40 160 160 0.7
143 120 120 160 160 0.51
143 160 40 160 160 0.57
143 280 80 160 160 0.6
143 0 0 160 160 0.53
143 40 0 160 160 0.56
144 0 80 160 160 0.61
146 40 200 160 160 0.75
149 40 280 160 160 0.74
150 120 80 160 160 0.53
150 80 40 160 160 0.57
151 40 80 160 160 0.51
151 0 40 160 160 0.55
151 40 40 160 160 0.67
151 80 40 160 160 0.53
157 120 40 160 160 0.59
157 160 40 160 160 0.63
157 200 80 160 160 0.54
157 80 0 160 160 0.5
157 80 40 160 160 0.58
157 120 40 160 160 0.69
158 40 80 160 160 0.6
160 40 40 160 160 0.51
162 40 160 160 160 0.64
162 120 160 160 160 0.55
163 0 200 160 160 0.76
163 40 200 160 160 0.62
163 0 120 160 160 0.68
164 0 160 160 160 0.7
165 160 80 160 160 0.62
166 40 120 160 160 0.58
167 40 40 160 160 0.63
167 80 40 160 160 0.58
168 0 200 160 160 0.65
168 40 200 160 160 0.63
172 40 40 160 160 0.66
172 40 80 160 160 0.6
172 80 80 160 160 0.52
172 0 40 160 160 0.75
172 40 40 160 160 0.76
174 80 40 160 160 0.6
174 120 120 160 160 0.52
174 160 40 160 160 0.52
176 0 80 160 160 0.51
176 40 80 160 160 0.66
176 80 80 160 160 0.71
176 0 40 160 160 0.67
176 40 40 160 160 0.64
177 40 40 160 160 0.58
178 40 160 160 160 0.67
179 40 80 160 160 0.65
179 80 80 160 160 0.5
182 40 40 160 160 0.66
182 40 120 160 160 0.61
182 80 120 160 160 0.54
182 120 40 160 160 0.65
182 120 120 160 160 0.52
182 160 40 160 160 0.6
182 240 80 160 160 0.52
185 280 160 160 160 0.54
186 200 120 160 160 0.52
187 160 80 160 160 0.56
187 200 80 160 160 0.54
187 280 120 160 160 0.53
187 80 40 160 160 0.63
189 40 80 160 160 0.6
190 40 80 160 160 0.76
191 40 80 160 160 0.59
191 0 40 160 160 0.61
193 0 40 160 160 0.6
193 40 40 160 160 0.57
193 40 280 160 160 0.64
193 0 40 160 160 0.53
194 40 160 160 160 0.61
196 0 120 160 160 0.56
196 120 40 160 160 0.56
198 0 200 160 160 0.73
198 40 200 160 160 0.77
200 40 40 160 160 0.58
202 200 120 160 160 0.54
203 40 160 160 160 0.71
203 80 160 160 160 0.51
203 120 160 160 160 0.52
205 40 160 160 160 0.89
205 80 160 160 160 0.55
206 40 80 160 160 0.52
206 40 120 160 160 0.53
206 120 120 160 160 0.65
206 160 120 160 160 0.57
207 80 80 160 160 0.5
207 120 80 160 160 0.53
208 200 80 160 160 0.55
208 240 80 160 160 0.52
208 120 40 160 160 0.55
209 40 80 160 160 0.66
209 40 120 160 160 0.55
210 0 80 160 160 0.67
210 40 80 160 160 0.6
210 120 80 160 160 0.53
210 0 40 160 160 0.7
210 40 40 160 160 0.61
210 80 40 160 160 0.55
211 40 280 160 160 0.64
211 80 80 160 160 0.51
212 160 40 160 160 0.51
212 280 160 160 160 0.53
213 40 120 160 160 0.63
214 80 80 160 160 0.6
214 120 80 160 160 0.55
214 240 80 160 160 0.52
214 0 40 160 160 0.52
214 40 40 160 160 0.61
214 80 40 160 160 0.63
214 120 40 160 160 0.52
215 40 40 160 160 0.51
215 40 80 160 160 0.65
215 120 80 160 160 0.51
215 160 80 160 160 0.54
215 0 40 160 160 0.81
215 40 40 160 160 0.58
216 40 160 160 160 0.55
216 80 160 160 160 0.73
217 40 120 160 160 0.86
217 80 120 160 160 0.59
220 40 120 160 160 0.6
220 200 40 160 160 0.58
221 40 80 160 160 0.51
221 80 80 160 160 0.68
222 40 40 160 160 0.53
224 40 40 160 160 0.59
224 120 40 160 160 0.53
224 160 40 160 160 0.51
225 40 120 160 160 0.78
226 40 40 160 160 0.52
226 80 40 160 160 0.57
226 120 40 160 160 0.68
226 160 40 160 160 0.6
226 120 40 160 160 0.52
227 80 40 160 160 0.59
227 120 40 160 160 0.55
227 40 40 160 160 0.57
228 0 40 160 160 0.54
229 40 40 160 160 0.73
229 80 40 160 160 0.7
230 40 40 160 160 0.58
230 0 40 160 160 0.59
231 40 80 160 160 0.63
232 0 120 160 160 0.56
233 40 40 160 160 0.68
233 0 40 160 160 0.5
233 40 40 160 160 0.61
234 0 0 160 160 0.51
234 40 120 160 160 0.61
235 160 280 160 160 0.52
236 40 80 160 160 0.62
236 80 80 160 160 0.72
236 40 40 160 160 0.64
238 120 40 160 160 0.51
238 120 80 160 160 0.6
238 160 80 160 160 0.59
239 0 280 160 160 0.54
240 0 80 160 160 0.64
240 40 120 160 160 0.67
240 80 120 160 160 0.5
240 0 40 160 160 0.76
247 80 200 160 160 0.53
249 0 200 160 160 0.53
250 40 280 160 160 0.56
253 0 240 160 160 0.56
253 40 200 160 160 0.64
253 40 240 160 160 0.7
256 120 80 160 160 0.63
256 120 120 160 160 0.62
256 160 80 160 160 0.56
257 40 120 160 160 0.85
257 0 40 160 160 0.53
260 40 80 160 160 0.66
260 80 40 160 160 0.6
260 80 80 160 160 0.68
260 120 80 160 160 0.51
260 160 80 160 160 0.61
260 200 80 160 160 0.56
260 40 40 160 160 0.81
261 40 160 160 160 0.77
262 120 40 160 160 0.73
262 160 40 160 160 0.67
263 40 40 160 160 0.59
263 80 80 160 160 0.52
263 120 80 160 160 0.63
263 160 80 160 160 0.62
263 0 40 160 160 0.6
263 40 40 160 160 0.75
264 0 240 160 160 0.68
265 80 120 160 160 0.61
266 40 80 160 160 0.75
267 80 80 160 160 0.68
267 160 80 160 160 0.56
267 40 40 160 160 0.9
267 80 40 160 160 0.58
268 40 40 160 160 0.58
268 120 40 160 160 0.7
269 0 80 160 160 0.56
269 40 80 160 160 0.58
270 40 40 160 160 0.67
270 40 240 160 160 0.54
270 40 280 160 160 0.58
270 80 40 160 160 0.58
270 80 280 160 160 0.53
270 40 40 160 160 0.78
271 40 120 160 160 0.85
271 80 120 160 160 0.51
272 40 120 160 160 0.73
273 40 160 160 160 0.67
275 0 80 160 160 0.75
276 0 120 160 160 0.56
278 80 80 160 160 0.5
278 80 120 160 160 0.51
280 40 200 160 160 0.79
281 40 40 160 160 0.54
282 0 120 160 160 0.59
283 40 120 160 160 0.59
284 40 120 160 160 0.52
285 0 160 160 160 0.53
285 40 160 160 160 0.58
286 40 200 160 160 0.63
286 80 80 160 160 0.64
286 0 120 160 160 0.56
288 0 80 160 160 0.76
289 40 160 160 160 0.66
290 40 120 160 160 0.61
290 80 120 160 160 0.59
290 0 80 160 160 0.6
293 40 80 160 160 0.58
293 120 80 160 160 0.64
293 40 40 160 160 0.57
294 40 120 160 160 0.6
295 0 40 160 160 0.63
295 40 40 160 160 0.74
295 80 40 160 160 0.58
295 240 40 160 160 0.81
295 280 40 160 160 0.56
297 80 80 160 160 0.51
297 120 120 160 160 0.53
298 40 280 160 160 0.59
298 80 40 160 160 0.81
298 80 280 160 160 0.64
298 120 40 160 160 0.56
299 0 80 160 160 0.59
299 40 80 160 160 0.73
299 80 80 160 160 0.57
299 0 40 160 160 0.5
300 40 120 160 160 0.57
300 80 120 160 160 0.73
300 120 120 160 160 0.56
301 80 120 160 160 0.51
301 200 160 160 160 0.6
301 40 80 160 160 0.75
302 200 120 160 160 0.62
302 200 160 160 160 0.53
303 0 80 160 160 0.6
303 40 80 160 160 0.51
304 40 80 160 160 0.59
304 0 40 160 160 0.57
308 0 160 160 160 0.52
309 0 40 160 160 0.51
309 120 80 160 160 0.6
309 0 0 160 160 0.64
309 40 0 160 160 0.55
313 0 120 160 160 0.59
315 40 80 160 160 0.56
315 120 80 160 160 0.54
315 0 40 160 160 0.6
316 40 80 160 160 0.63
317 0 120 160 160 0.53
320 200 80 160 160 0.5
321 40 120 160 160 0.56
322 40 40 160 160 0.85
322 80 40 160 160 0.83
322 120 40 160 160 0.68
322 160 40 160 160 0.57
322 280 120 160 160 0.54
322 40 0 160 160 0.59
322 80 40 160 160 0.61
322 120 40 160 160 0.51
323 40 40 160 160 0.53
325 40 80 160 160 0.54
326 40 80 160 160 0.72
326 80 80 160 160 0.65
326 120 80 160 160 0.52
326 0 40 160 160 0.65
326 40 40 160 160 0.75
327 0 160 160 160 0.66
327 40 160 160 160 0.57
327 80 80 160 160 0.53
329 80 0 160 160 0.59
330 40 120 160 160 0.53
330 40 160 160 160 0.53
330 0 80 160 160 0.6
331 0 40 160 160 0.79
331 40 200 160 160 0.71
332 0 80 160 160 0.58
332 40 80 160 160 0.73
334 40 200 160 160 0.61
335 120 120 160 160 0.62
335 80 80 160 160 0.62
336 40 0 160 160 0.52
336 40 40 160 160 0.59
336 80 0 160 160 0.57
336 80 40 160 160 0.52
336 40 0 160 160 0.64
338 40 160 160 160 0.55
339 80 280 160 160 0.56
339 40 40 160 160 0.54
340 80 40 160 160 0.51
341 120 80 160 160 0.56
341 160 80 160 160 0.58
341 80 40 160 160 0.52
343 200 80 160 160 0.56
343 40 40 160 160 0.58
343 80 40 160 160 0.63
344 40 200 160 160 0.55
344 0 120 160 160 0.5
346 0 160 160 160 0.58
346 40 160 160 160 0.85
347 40 0 160 160 0.54
348 120 120 160 160 0.72
348 160 120 160 160 0.62
349 40 40 160 160 0.56
349 40 80 160 160 0.72
349 80 80 160 160 0.68
349 120 80 160 160 0.51
350 40 80 160 160 0.55
350 160 120 160 160 0.55
352 40 160 160 160 0.57
353 80 120 160 160 0.6
354 80 40 160 160 0.53
354 80 80 160 160 0.5
354 0 40 160 160 0.55
354 40 40 160 160 0.83
354 80 40 160 160 0.59
355 40 80 160 160 0.61
358 0 160 160 160 0.58
358 0 200 160 160 0.51
358 40 160 160 160 0.76
358 160 200 160 160 0.53
360 40 40 160 160 0.54
361 40 40 160 160 0.8
362 0 80 160 160 0.5
362 40 80 160 160 0.51
364 40 40 160 160 0.77
364 80 40 160 160 0.68
364 120 40 160 160 0.7
364 40 40 160 160 0.65
364 80 40 160 160 0.66
364 120 40 160 160 0.56
365 160 80 160 160 0.57
366 0 120 160 160 0.52
367 80 80 160 160 0.67
367 120 80 160 160 0.57
368 120 40 160 160 0.65
368 120 240 160 160 0.53
369 40 160 160 160 0.58
369 80 120 160 160 0.58
369 80 200 160 160 0.56
369 40 80 160 160 0.69
370 40 120 160 160 0.51
370 80 40 160 160 0.53
371 0 80 160 160 0.66
372 40 120 160 160 0.73
373 80 120 160 160 0.79
375 40 80 160 160 0.53
375 200 0 160 160 0.52
375 240 0 160 160 0.51
376 0 120 160 160 0.53
376 40 120 160 160 0.66
377 80 80 160 160 0.74
377 120 80 160 160 0.55
378 40 160 160 160 0.73
378 80 160 160 160 0.55
378 120 160 160 160 0.54
379 40 80 160 160 0.69
379 160 120 160 160 0.56
379 0 40 160 160 0.62
380 280 120 160 160 0.53
380 40 40 160 160 0.56
383 40 80 160 160 0.68
384 40 120 160 160 0.53
384 80 120 160 160 0.74
384 120 120 160 160 0.73
384 160 120 160 160 0.54
384 280 0 160 160 0.51
385 40 40 160 160 0.63
385 80 80 160 160 0.58
385 120 80 160 160 0.53
387 40 120 160 160 0.75
388 40 0 160 160 0.51
390 40 40 160 160 0.65
395 40 160 160 160 0.57
396 40 160 160 160 0.53
397 40 200 160 160 0.67
397 80 0 160 160 0.56
398 0 80 160 160 0.58
399 0 80 160 160 0.77
399 40 80 160 160 0.63
399 0 40 160 160 0.6
400 0 120 160 160 0.5
400 0 160 160 160 0.77
402 0 40 160 160 0.59
402 40 80 160 160 0.52
402 40 120 160 160 0.58
405 0 80 160 160 0.51
406 40 40 160 160 0.61
406 80 40 160 160 0.64
406 120 40 160 160 0.76
406 160 40 160 160 0.54
406 80 40 160 160 0.59
406 120 40 160 160 0.59
407 40 200 160 160 0.7
407 200 160 160 160 0.52
407 280 160 160 160 0.59
408 40 40 160 160 0.71
408 40 80 160 160 0.56
408 80 80 160 160 0.58
408 160 80 160 160 0.53
408 0 40 160 160 0.6
408 40 40 160 160 0.82
409 40 40 160 160 0.55
409 80 40 160 160 0.74
409 200 80 160 160 0.55
410 80 240 160 160 0.52
410 0 40 160 160 0.59
412 80 0 160 160 0.53
416 0 160 160 160 0.5
416 40 160 160 160 0.51
416 80 160 160 160 0.53
416 120 160 160 160 0.63
417 0 80 160 160 0.54
417 80 240 160 160 0.53
417 120 240 160 160 0.52
418 40 120 160 160 0.52
419 200 280 160 160 0.55
420 40 120 160 160 0.65
420 200 120 160 160 0.66
422 0 40 160 160 0.79
422 0 200 160 160 0.72
422 40 40 160 160 0.65
422 40 200 160 160 0.69
422 240 40 160 160 0.52
422 240 200 160 160 0.74
423 80 120 160 160 0.69
424 0 200 160 160 0.58
424 80 280 160 160 0.55
425 160 80 160 160 0.71
425 200 80 160 160 0.56
429 0 280 160 160 0.66
429 40 40 160 160 0.64
429 40 80 160 160 0.64
431 40 200 160 160 0.8
431 80 200 160 160 0.72
433 80 120 160 160 0.52
433 40 80 160 160 0.55
436 80 40 160 160 0.75
437 40 200 160 160 0.6
440 80 80 160 160 0.65
440 40 40 160 160 0.63
441 40 40 160 160 0.65
442 40 80 160 160 0.76
443 40 160 160 160 0.79
443 200 120 160 160 0.53
444 0 120 160 160 0.68
444 40 120 160 160 0.8
445 120 40 160 160 0.69
445 160 40 160 160 0.53
445 200 80 160 160 0.53
446 120 80 160 160 0.6
447 40 80 160 160 0.67
447 40 40 160 160 0.55
449 40 80 160 160 0.72
449 0 0 160 160 0.51
453 0 120 160 160 0.65
454 240 80 160 160 0.5
454 80 40 160 160 0.73
454 120 40 160 160 0.55
455 40 80 160 160 0.69
455 40 120 160 160 0.64
457 0 120 160 160 0.57
458 80 240 160 160 0.55
461 0 80 160 160 0.59
464 0 240 160 160 0.5
465 40 120 160 160 0.57
465 80 120 160 160 0.56
465 120 120 160 160 0.69
466 40 160 160 160 0.59
466 80 160 160 160 0.52
472 0 80 160 160 0.63
478 0 80 160 160 0.53
478 40 80 160 160 0.53
481 40 160 160 160 0.61
483 0 80 160 160 0.56
483 40 0 160 160 0.51
483 40 40 160 160 0.51
483 40 80 160 160 0.68
483 160 160 160 160 0.57
483 0 40 160 160 0.7
483 0 80 160 160 0.52
484 40 40 160 160 0.52
487 280 160 160 160 0.67
488 0 40 160 160 0.54
488 0 0 160 160 0.56
489 80 40 160 160 0.6
489 120 80 160 160 0.57
494 40 80 160 160 0.54
494 280 0 160 160 0.63
495 0 80 160 160 0.66
495 40 80 160 160 0.68
495 0 40 160 160 0.73
496 0 40 160 160 0.6
496 80 40 160 160 0.52
496 40 40 160 160 0.53
499 40 80 160 160 0.75
